frame 21 29

color 98 163 57
thickness 3
path 11

10. 1. # левая нога
13. 1.
14. 2.
13. 4.
14. 6.
11. 6.
12. 3.
9. 4.
8. 4.
8. 2.
10. 1.

path 4

11. 6. # правая нога
10. 6.
11. 4.
9.33 5.

path 2

14.5 12. # торс
12. 18.

path 2

10. 12.
11. 15.

path 3

11. 15. # левая рука
7. 13.
6. 15.

path 9

6.2 15.2
5. 14.
5. 13.
3. 14.
3. 15.
4. 16.
6. 16.
8. 15.
11.5 17.66

path 4

4. 16. # правая рука
5. 17.
8. 16.
11. 18.

path 2

11. 17.5 # голова
11. 18.

path 3

12. 18.
12. 19.
11. 22.

path 8

11. 18.
10. 20.
7. 19.
6. 19.
4. 21.
4. 22.
5. 24.
7. 26.

path 4

5. 20. # улыбка
7. 20.
9. 22.
9. 21.

path 6

7.4 21.6 # глаз
6. 23.
7. 24.
8. 24.
8. 23.
7. 22.

color 15 15 15
path 3

6.5 22.5 # зрачок
7. 23.
7. 24.

color 143 84 31
path 6

15. 8. # панцирь
18. 9.
20. 17.
20. 18.
14. 23.
11. 22.

path 4

17. 20.5
17. 18.
18. 16.
19.72 16.

path 5

15. 22.2
14. 20.
14. 18.
17. 12.
18.72 12.

path 3

11. 22.
14. 20.
12.81 16.

path 2

13.68 14.
16. 14.

path 3

17. 12.
15. 11.
18. 9.

path 2

14. 18.
17. 18.

path 2

16. 14.
18. 16.

color 10 60 148
path 8

11. 6. # плавки
14. 6.
15. 7.
15. 11.
14.5 12.
10. 12.
10. 10.
11.4 7.2

path 4

11. 8.
10. 6.
11. 6.
12. 9.

color 205 3 8
path 8

8. 3. # левый полукруг
7. 2.
4. 2.
2. 4.
1. 7.
1. 11.
2. 14.
3. 15.

path 5

9. 4. # правый полукруг
10. 7.
10. 10.
9. 13.
8.33 13.66

path 9

6. 4. # отверстие круга
7. 7.
7. 10.
6. 13.
4. 13.
2. 11.
2. 7.
4. 4.
6. 4.

color 155 2 6
path 6

6.33 5.
4. 5.
3. 7.
3. 10.
3. 10.
4. 13.

color 205 3 8
path 2

11. 22. # кепка
5. 28.

path 7

7. 26.
8. 27.
10. 28.
11. 28.
13. 26.
13. 24.
11. 22.

path 5

12. 27. # помпон
12. 28.
13. 28.
13. 27.
12. 27.

